vec4 <- c(1,5,6,8)
vec5 <- c(7,9,6,8)
vec4 + vec5
